date,open,high,low,close,volume
2026-06-08,584.00,649.90,584.00,630.00,"185,026,283.90"
2026-06-05,584.0,649.9,584.0,630.0,2.62
2026-06-04,557.0,615.1,557.0,613.9,4.78
2026-06-03,620.0,620.0,585.0,585.9,-3.48
2026-06-02,560.7,610.0,540.0,607.0,13.67
2026-06-01,513.0,536.0,499.0,534.0,5.76
2026-05-27,512.0,512.0,498.2,504.9,-0.02
2026-05-26,499.1,506.0,499.1,505.0,-0.79
2026-05-25,510.0,510.0,496.0,509.0,1.19
2026-05-22,490.0,505.0,490.0,503.0,0.64
2026-05-21,526.9,526.9,496.0,499.8,-0.42
2026-05-20,522.5,522.5,488.0,501.9,0.84
2026-05-19,490.0,497.7,490.0,497.7,0.14
2026-05-18,501.0,501.0,489.0,497.0,0.61
2026-05-15,516.6,516.6,490.0,494.0,0.41
2026-05-14,522.9,522.9,485.0,492.0,-1.2
2026-05-13,491.0,500.3,490.0,498.0,-0.97
2026-05-12,534.3,534.3,492.0,502.9,-1.18
2026-05-11,504.0,518.9,500.0,508.9,1.98
2026-05-08,491.0,501.0,491.0,499.0,2.46
2026-05-07,493.0,493.0,486.0,487.0,-0.94
2026-05-06,490.4,500.0,489.0,491.6,-0.83
2026-05-05,488.8,499.0,488.8,495.7,1.41
2026-05-04,488.1,500.0,480.0,488.8,-0.85
2026-04-30,491.0,496.0,482.1,493.0,-0.78
2026-04-29,509.0,505.0,492.0,496.9,-2.38
2026-04-28,505.9,509.0,497.0,509.0,0.61
2026-04-27,505.0,510.0,503.0,505.9,0.18
2026-04-24,534.4,534.4,490.0,505.0,-0.79
2026-04-23,514.0,514.0,495.0,509.0,0.3
2026-04-22,505.1,517.0,500.0,507.5,-0.78
2026-04-21,543.7,543.7,508.0,511.5,-1.24
2026-04-20,540.7,540.7,500.0,517.9,0.56
2026-04-17,534.3,534.3,512.0,515.0,-1.7
2026-04-16,525.0,526.0,515.0,523.9,-1.15
2026-04-15,538.1,539.0,521.3,530.0,0.36
2026-04-13,529.0,530.0,522.0,528.1,-0.34
2026-04-10,542.0,547.5,521.5,529.9,-1.32
2026-04-09,519.2,538.0,519.0,537.0,2.87
2026-04-08,512.3,523.8,509.3,522.0,1.56
2026-04-07,520.0,528.3,508.0,514.0,-0.77
2026-04-06,488.0,522.0,480.0,518.0,5.95
2026-04-05,507.0,522.9,486.0,488.9,-5.44
2026-04-02,520.0,534.0,502.0,517.0,-2.42
2026-04-01,535.0,540.0,522.0,529.8,-2.23
2026-03-31,551.8,551.8,529.0,541.9,-0.02
2026-03-30,539.0,549.0,534.0,542.0,-1.4
2026-03-29,561.0,564.0,538.6,549.7,-3.05
2026-03-26,568.0,570.0,558.0,567.0,0.0
2026-03-25,577.0,577.0,556.7,567.0,-1.73
2026-03-24,580.0,580.0,568.1,577.0,0.87
2026-03-23,584.0,584.0,565.0,572.0,-0.17
2026-03-22,573.0,584.0,570.0,573.0,-0.05
2026-03-19,565.0,575.0,557.0,573.3,2.93
2026-03-17,560.0,560.0,548.2,557.0,0.0
2026-03-16,563.7,570.0,554.0,557.0,-0.14
2026-03-15,550.0,557.9,546.1,557.8,1.42
2026-03-12,545.0,555.5,542.0,550.0,0.92
2026-03-11,559.0,559.0,541.0,545.0,-2.33
2026-03-10,570.0,570.0,549.0,558.0,-0.29
2026-03-09,548.7,559.6,548.7,559.6,4.01
2026-03-03,530.0,541.7,530.0,538.0,0.19
2026-03-01,520.0,540.0,510.0,537.0,2.81
2026-02-26,520.9,527.0,520.0,522.3,-0.13
2026-02-25,539.8,541.7,518.0,523.0,-2.41
2026-02-24,533.9,548.2,527.0,535.9,1.69
2026-02-23,534.0,543.0,524.0,527.0,-1.31
2026-02-22,539.0,539.9,528.2,534.0,-0.19
2026-02-17,550.0,554.0,535.0,535.0,-3.43
2026-02-16,524.0,555.0,524.0,554.0,5.52
2026-02-12,518.0,559.0,518.0,525.0,-0.55
2026-02-11,543.0,545.0,525.4,527.9,-1.31
2026-02-10,535.0,549.0,532.3,534.9,-1.49
2026-02-09,555.1,560.0,541.1,543.0,-4.06
2026-02-08,568.0,579.8,552.0,566.0,1.09
2026-02-05,560.0,571.2,550.0,559.9,-0.02
2026-02-04,563.0,574.0,550.3,560.0,0.9
2026-02-03,564.1,570.0,551.5,555.0,0.34
2026-02-02,548.8,578.3,548.8,553.1,-1.23
2026-02-01,579.0,582.0,550.1,560.0,-3.45
2026-01-29,597.0,608.5,575.0,580.0,-2.03
2026-01-28,580.0,596.5,570.0,592.0,2.09
2026-01-27,573.2,602.0,572.0,579.9,1.36
2026-01-26,580.0,595.0,561.0,572.1,-1.0
2026-01-25,572.0,583.0,567.0,577.9,1.39
2026-01-22,535.0,575.0,535.0,570.0,4.8
2026-01-21,559.7,559.8,531.4,543.9,-1.13
2026-01-20,545.0,565.5,540.4,550.1,-0.94
2026-01-18,520.2,556.0,519.0,555.3,8.88
2026-01-14,484.2,517.0,484.2,510.0,3.24
2026-01-13,488.1,505.9,488.1,494.0,-0.8
2026-01-12,500.0,510.0,494.0,498.0,-0.76
2026-01-08,495.0,502.6,490.0,501.8,1.33
2026-01-07,495.0,506.8,488.0,495.2,1.73
2026-01-06,477.0,489.5,475.0,486.8,2.48
2026-01-05,475.0,475.0,470.0,475.0,0.79
2026-01-04,466.0,475.0,465.2,471.3,0.28
2026-01-01,484.0,484.0,470.0,470.0,-1.47
2025-12-31,485.0,486.0,476.3,477.0,0.0
2025-12-29,480.0,488.0,475.0,477.0,0.42
2025-12-28,467.0,477.0,463.1,475.0,2.79
2025-12-24,460.6,470.0,460.6,462.1,-1.68
2025-12-23,465.0,473.9,460.5,470.0,0.21
2025-12-22,460.6,473.4,460.6,469.0,-0.21
2025-12-21,466.1,476.0,466.1,470.0,-1.16
2025-12-18,480.0,483.5,472.2,475.5,-0.94
2025-12-17,471.1,484.1,471.0,480.0,2.35
2025-12-16,467.1,480.0,467.1,469.0,0.0
2025-12-15,468.1,473.8,466.0,469.0,-1.05
2025-12-14,472.1,476.0,467.0,474.0,-1.04
2025-12-11,480.0,480.0,472.0,479.0,0.63
2025-12-10,481.0,481.5,475.0,476.0,-1.45
2025-12-09,482.0,488.0,480.1,483.0,0.17
2025-12-08,492.0,492.1,482.0,482.2,-2.78
2025-12-07,501.0,509.0,490.0,496.0,-0.8
2025-12-03,499.3,505.0,492.2,500.0,1.07
2025-12-02,500.0,500.0,489.1,494.7,-0.04
2025-12-01,485.1,497.0,485.0,494.9,2.04
2025-11-30,485.0,501.0,485.0,485.0,0.02
2025-11-27,478.0,485.0,477.5,484.9,0.54
2025-11-26,480.5,486.9,478.7,482.3,-1.15
2025-11-25,492.0,492.0,480.0,487.9,0.58
2025-11-24,489.9,489.9,481.1,485.1,0.23
2025-11-23,477.9,485.0,474.0,484.0,2.54
2025-11-20,476.5,479.0,470.3,472.0,-0.94
2025-11-19,480.0,480.0,471.1,476.5,0.11
2025-11-18,480.0,482.9,470.2,476.0,0.42
2025-11-17,477.0,479.0,470.1,474.0,-0.21
2025-11-16,480.0,485.0,475.0,475.0,-1.45
2025-11-13,481.5,485.0,479.1,482.0,-0.21
2025-11-12,492.0,495.3,480.5,483.0,-0.54
2025-11-11,483.0,488.9,481.0,485.6,-0.08
2025-11-10,495.0,495.0,481.0,486.0,-1.22
2025-11-09,495.0,506.0,486.2,492.0,-2.57
2025-11-06,509.7,525.3,500.0,505.0,-0.98
2025-11-05,497.0,510.0,479.0,510.0,4.19
2025-11-04,504.0,509.9,485.0,489.5,-3.05
2025-11-03,504.0,513.0,492.0,504.9,0.42
2025-11-02,485.9,502.8,484.0,502.8,4.97
2025-10-30,477.0,480.0,462.4,479.0,1.83
2025-10-29,489.0,489.0,470.4,470.4,-2.41
2025-10-28,455.0,482.3,455.0,482.0,3.92
2025-10-26,455.1,463.8,455.0,463.8,-0.04
2025-10-19,472.2,490.0,461.5,464.0,0.22
2025-10-16,479.0,479.0,463.0,463.0,-1.91
2025-10-15,472.0,481.7,463.1,472.0,0.0
2025-10-14,470.0,474.0,466.0,472.0,-0.63
2025-10-13,468.1,475.0,465.0,475.0,1.47
2025-10-12,478.0,478.0,467.5,468.1,-3.08
2025-10-09,488.5,526.9,482.0,483.0,0.84
2025-10-08,482.0,484.5,470.0,479.0,-2.24
2025-10-07,491.1,495.0,480.0,490.0,-1.01
2025-09-28,500.0,503.7,495.0,495.0,0.2
2025-09-25,500.0,503.0,494.0,494.0,-0.82
2025-09-24,499.3,506.0,496.0,498.1,-1.76
2025-09-23,507.0,515.0,502.1,507.0,1.39
2025-09-21,458.0,509.9,445.1,500.05,7.08
2025-09-18,474.0,474.0,467.0,467.0,-3.38
2025-09-08,496.9,496.9,483.0,483.35,-1.33
2025-09-07,488.2,497.0,487.0,489.88,-0.79
2025-09-04,500.0,500.0,486.0,493.78,0.17
2025-09-03,500.5,501.0,492.1,492.92,-1.44
2025-09-02,505.0,510.0,498.0,500.12,-0.44
2025-09-01,501.0,508.0,500.0,502.32,0.24
2025-08-31,502.1,503.0,499.1,501.14,-1.12
2025-08-28,518.0,519.0,505.0,506.82,-2.28
2025-08-27,511.0,520.0,510.0,518.65,2.64
2025-08-26,512.9,513.0,505.0,505.31,-0.28
2025-08-25,507.0,511.9,502.2,506.73,-0.16
2025-08-24,509.0,514.0,505.0,507.54,-0.13
2025-08-21,511.0,511.0,507.1,508.2,-0.27
2025-08-20,508.0,519.8,506.0,509.59,-1.17
2025-08-19,515.0,520.0,515.0,515.6,-0.17
2025-08-18,515.0,520.0,515.0,516.5,0.12
2025-08-17,525.0,525.0,515.0,515.9,-0.52
2025-08-14,517.0,527.0,517.0,518.59,-1.03
2025-08-13,531.9,531.9,523.1,523.99,0.34
2025-08-12,525.0,532.0,520.1,522.2,-0.62
2025-08-11,542.0,542.0,525.0,525.47,-1.15
2025-08-07,527.0,537.0,527.0,531.56,0.29
2025-08-06,530.0,539.0,529.1,530.0,-0.47
2025-08-05,535.7,544.9,530.0,532.48,-1.3
2025-08-04,553.0,553.0,532.0,539.52,-0.56
2025-08-03,550.3,570.0,540.1,542.54,-2.78
2025-07-31,558.0,580.0,547.0,558.07,0.67
2025-07-30,570.16,570.16,552.1,554.36,-2.77
2025-07-29,585.0,585.0,568.0,570.16,-0.85
2025-07-28,564.0,582.4,546.0,575.04,2.29
2025-07-27,579.9,579.9,549.0,562.18,-1.65
2025-07-24,589.9,589.9,570.0,571.63,-1.39
2025-07-23,563.0,608.0,560.0,579.67,3.1
2025-07-22,557.0,565.0,550.1,562.24,1.4
2025-07-21,562.0,562.0,542.2,554.49,0.62
2025-07-20,566.0,570.0,548.2,551.05,-2.25
2025-07-17,545.0,570.9,545.0,563.74,2.51
2025-07-16,558.4,570.0,548.1,549.96,0.41
2025-07-15,555.0,562.9,541.0,547.74,0.44
2025-07-14,546.0,565.0,536.0,545.36,-0.04
2025-07-13,535.9,548.9,535.9,545.59,3.83
2025-07-10,542.6,542.7,524.4,525.45,-1.49
2025-07-09,523.8,544.8,523.8,533.38,-0.2
2025-07-08,515.1,547.9,515.1,534.45,2.93
2025-07-07,544.0,545.0,518.1,519.22,-4.43
2025-07-06,533.0,565.0,530.0,543.3,1.64
2025-07-03,520.0,538.0,511.0,534.51,4.73
2025-07-02,503.0,518.2,503.0,510.36,2.82
2025-07-01,500.0,501.0,493.1,496.38,0.18
2025-06-30,505.0,506.0,495.0,495.49,-0.6
2025-06-29,505.0,505.0,495.0,498.48,0.06
2025-06-26,506.0,509.0,495.0,498.18,-1.32
2025-06-25,502.47,509.0,502.1,504.85,0.47
2025-06-24,514.0,517.0,500.0,502.47,-1.02
2025-06-23,515.6,516.0,506.1,507.63,-0.09
2025-06-22,514.0,514.0,508.0,508.07,-0.6
2025-06-19,514.0,524.0,510.0,511.15,-0.55
2025-06-18,513.0,530.0,511.0,514.0,0.57
2025-06-17,526.0,527.0,507.1,511.07,-1.1
2025-06-16,537.0,537.0,516.0,516.77,-1.9
2025-06-15,532.0,535.0,525.1,526.78,-0.91
2025-06-12,531.9,538.0,520.0,531.62,0.46
2025-06-11,539.0,543.6,514.5,529.21,-0.71
2025-06-10,510.0,545.9,510.0,532.98,4.73
2025-06-09,510.0,511.0,501.1,508.92,1.46
2025-06-08,520.2,520.2,500.0,501.61,-1.65
2025-06-05,515.9,524.9,509.0,510.03,-0.95
2025-06-04,520.0,528.0,514.1,514.93,-1.34
2025-06-03,535.0,535.0,521.0,521.95,-1.37
2025-06-02,532.0,536.0,527.0,529.18,0.9
2025-05-28,530.0,530.0,520.0,524.48,0.27
2025-05-27,525.0,530.0,520.0,523.06,-0.69
2025-05-26,536.6,540.0,526.0,526.69,0.11
2025-05-25,535.1,536.0,526.0,526.1,-1.16
2025-05-22,540.5,543.2,529.0,532.27,-0.07
2025-05-21,540.0,561.0,530.0,532.62,-1.14
2025-05-20,520.0,540.0,520.0,538.78,2.54
2025-05-19,530.6,541.2,520.0,525.45,1.0
2025-05-18,525.0,535.0,518.0,520.23,-0.96
2025-05-15,533.1,543.0,522.5,525.27,-1.44
2025-05-14,531.0,545.7,530.0,532.93,-0.59
2025-05-13,547.5,555.0,535.0,536.09,-2.06
2025-05-11,571.0,574.4,544.0,547.36,-2.81
2025-05-08,556.0,579.3,548.8,563.18,2.28
2025-05-07,522.0,563.0,522.0,550.65,3.47
2025-05-06,545.0,553.4,530.1,532.19,-1.93
2025-05-05,534.0,562.0,529.5,542.64,0.44
2025-05-04,558.0,561.0,540.0,540.24,-1.86
2025-04-30,550.0,560.7,546.1,550.46,-1.13
2025-04-29,550.5,584.1,550.5,556.75,-0.88
2025-04-28,555.0,585.0,555.0,561.68,1.8
2025-04-27,573.0,574.0,551.0,551.76,-2.48
2025-04-24,565.0,579.0,560.1,565.81,-1.09
2025-04-23,576.0,578.0,568.0,572.02,-0.08
2025-04-22,584.4,584.4,565.5,572.45,-0.09
2025-04-21,592.0,592.0,571.0,572.97,-2.03
2025-04-20,600.0,600.0,583.1,584.84,-2.88
2025-04-17,605.0,615.0,600.0,602.17,-0.02
2025-04-16,603.0,616.0,600.0,602.31,-1.31
2025-04-15,619.0,623.0,595.0,610.31,0.57
2025-04-13,621.3,621.3,600.1,606.88,-0.37
2025-04-10,604.0,611.9,595.9,609.16,1.44
2025-04-09,612.0,624.0,598.0,600.51,0.05
2025-04-08,588.0,623.0,578.3,600.2,1.71
2025-04-07,613.0,615.0,586.0,590.1,-3.77
2025-04-03,625.8,651.0,610.0,613.21,-0.06
2025-04-02,563.0,613.6,554.0,613.6,10.0
2025-04-01,567.4,590.0,551.0,557.82,-1.69
2025-03-30,542.0,577.9,542.0,567.43,2.77
2025-03-27,541.0,559.5,541.0,552.11,1.46
2025-03-26,544.0,550.0,540.2,544.19,1.14
2025-03-25,562.0,562.0,535.4,538.08,-4.03
2025-03-24,526.0,573.1,526.0,560.66,4.64
2025-03-23,550.0,557.0,535.0,535.78,-3.09
2025-03-20,543.0,563.0,543.0,552.88,-0.2
2025-03-19,567.0,582.8,554.0,554.0,-4.2
2025-03-18,566.5,589.5,566.5,578.3,0.05
2025-03-17,558.6,592.2,558.6,578.0,1.4
2025-03-16,609.9,609.9,568.4,570.0,-4.68
2025-03-12,596.5,613.6,596.5,598.0,0.25
2025-03-11,609.5,623.0,596.0,596.5,-1.75
2025-03-10,615.0,627.0,607.0,607.1,-0.64
2025-03-09,619.8,649.0,609.0,611.0,-1.42
2025-03-06,631.5,631.5,615.1,619.8,-0.37
2025-03-05,643.0,643.0,619.0,622.1,-1.88
2025-03-04,647.0,653.0,631.0,634.0,-2.45
2025-03-03,674.9,674.9,646.0,649.9,-1.99
2025-03-02,672.0,672.0,656.1,663.1,0.55
2025-02-27,667.0,676.9,651.0,659.5,0.84
2025-02-25,646.6,668.0,640.0,654.0,3.15
2025-02-24,645.0,651.0,620.0,634.0,0.16
2025-02-23,603.7,646.6,593.0,633.0,2.76
2025-02-20,627.0,640.9,608.0,616.0,0.16
2025-02-18,629.0,642.0,615.0,615.0,-1.91
2025-02-17,670.1,670.1,625.0,627.0,-4.57
2025-02-16,645.0,672.7,635.0,657.0,0.15
2025-02-13,686.0,699.9,643.0,656.0,-2.53
2025-02-12,663.0,686.0,660.0,673.0,1.23
2025-02-11,668.0,681.0,660.0,664.8,1.48
2025-02-10,686.6,701.0,650.0,655.1,-2.69
2025-02-09,612.0,673.2,587.9,673.2,10.0
2025-02-06,586.0,632.0,586.0,612.0,6.51
2025-02-05,523.0,574.6,523.0,574.6,9.99
2025-02-04,537.9,550.0,522.4,522.4,-1.43
2025-02-03,530.0,545.7,524.0,530.0,0.0
2025-02-02,510.0,532.0,500.0,530.0,3.92
2025-01-28,507.9,514.0,490.0,510.0,2.41
2025-01-27,477.0,510.0,457.7,498.0,2.47
2025-01-26,514.0,518.0,471.0,486.0,-6.36
2025-01-23,527.3,548.0,513.0,519.0,-3.53
2025-01-22,550.8,550.8,530.0,538.0,-0.39
2025-01-21,545.0,566.0,538.0,540.1,-2.68
2025-01-20,575.4,581.0,552.0,555.0,-2.31
2025-01-19,558.0,580.0,545.0,568.1,1.81
2025-01-16,587.0,591.6,551.1,558.0,-5.26
2025-01-15,585.0,609.0,580.0,589.0,-1.01
2025-01-13,607.0,615.0,590.0,595.0,-1.82
2025-01-12,642.6,642.6,601.1,606.0,-3.81
2025-01-09,636.0,666.9,626.0,630.0,-1.27
2025-01-08,614.0,650.0,609.9,638.1,6.0
2025-01-07,590.0,609.8,580.3,602.0,2.56
2025-01-06,585.0,588.0,578.1,587.0,1.21
2025-01-05,571.0,584.8,570.9,580.0,1.68
2025-01-02,560.0,575.0,556.7,570.4,0.42
2025-01-01,550.0,572.2,540.0,568.0,5.19
2024-12-31,575.0,575.0,524.3,540.0,-7.22
2024-12-29,595.0,604.0,580.0,582.0,-3.8
2024-12-26,606.2,621.0,600.8,605.0,-2.1
2024-12-24,618.0,635.1,610.0,618.0,0.82
2024-12-23,605.0,613.0,596.0,613.0,2.85
2024-12-22,606.0,612.0,594.5,596.0,-1.65
2024-12-19,626.0,632.4,600.0,606.0,-2.27
2024-12-18,615.0,635.0,615.0,620.1,0.34
2024-12-17,613.8,627.1,605.0,618.0,0.88
2024-12-16,630.0,635.0,612.6,612.6,-4.43
2024-12-12,665.0,675.0,640.0,641.0,-3.61
2024-12-11,650.0,666.6,640.4,665.0,2.94
2024-12-10,655.0,657.0,641.0,646.0,-0.15
2024-12-09,650.0,660.0,640.0,647.0,0.31
2024-12-08,666.0,670.0,640.0,645.0,-3.59
2024-12-05,703.8,703.8,665.0,669.0,-3.04
2024-12-04,700.0,720.0,685.0,690.0,-1.43
2024-12-03,675.0,720.0,675.0,700.0,3.7
2024-12-02,694.0,695.0,675.0,675.0,-1.46
2024-12-01,685.2,695.0,682.5,685.0,-1.86
2024-11-28,716.0,716.0,697.3,698.0,-1.27
2024-11-27,706.1,721.0,701.7,707.0,0.58
2024-11-26,685.0,712.0,685.0,702.9,1.87
2024-11-25,689.0,703.8,685.0,690.0,1.47
2024-11-24,680.1,701.0,676.2,680.0,0.53
2024-11-21,702.0,705.0,675.0,676.4,-1.97
2024-11-20,690.9,703.8,679.0,690.0,0.0
2024-11-19,710.0,719.0,687.1,690.0,-2.95
2024-11-17,729.0,739.0,702.0,711.0,-2.25
2024-11-14,737.4,745.9,724.0,727.4,0.61
2024-11-13,705.0,729.0,705.0,723.0,3.73
2024-11-12,688.0,712.0,685.0,697.0,1.31
2024-11-11,708.0,714.0,677.2,688.0,-1.29
2024-11-10,680.0,710.0,680.0,697.0,1.16
2024-11-06,669.9,699.0,658.2,689.0,4.55
2024-11-05,675.0,679.0,653.0,659.0,-1.64
2024-10-30,692.0,692.0,665.0,670.0,-1.33
2024-10-29,705.0,715.0,672.0,679.0,-1.88
2024-10-28,667.5,699.0,666.3,692.0,5.36
2024-10-27,650.0,663.0,640.2,656.8,1.05
2024-10-24,653.8,681.0,648.0,650.0,1.4
2024-10-23,632.2,681.8,620.0,641.0,3.4
2024-10-22,595.0,621.9,595.0,619.9,3.64
2024-10-21,618.0,620.0,595.9,598.1,-3.22
2024-10-20,627.2,644.0,614.7,618.0,-3.44
2024-10-17,656.0,656.0,635.0,640.0,-0.78
2024-10-16,664.9,669.0,640.0,645.0,-1.07
2024-10-15,620.0,674.3,620.0,652.0,6.36
2024-10-09,601.1,615.0,596.9,613.0,0.66
2024-10-08,630.2,630.2,590.0,609.0,-1.44
2024-10-07,635.0,647.0,608.0,617.9,-1.29
2024-10-06,604.8,630.0,585.0,626.0,5.56
2024-10-02,579.7,612.0,579.7,593.0,2.29
2024-10-01,537.0,579.7,535.0,579.7,10.0
2024-09-30,510.0,530.0,510.0,527.0,4.77
2024-09-29,496.1,524.0,496.1,503.0,-0.63
2024-09-26,521.9,530.0,506.2,506.2,-3.01
2024-09-25,495.1,523.0,491.2,521.9,4.57
2024-09-24,521.0,539.0,498.0,499.1,-4.75
2024-09-23,560.09,571.2,511.2,524.0,-7.75
2024-09-22,579.8,596.0,562.0,568.0,-0.09
2024-09-18,592.0,592.0,564.0,568.5,-2.99
2024-09-16,620.0,620.0,583.6,586.0,-5.48
2024-09-15,655.0,661.0,616.5,620.0,-3.73
2024-09-12,632.0,650.0,625.0,644.0,3.04
2024-09-11,622.0,637.0,610.0,625.0,1.13
2024-09-10,625.0,635.1,610.0,618.0,0.82
2024-09-09,625.0,637.5,609.1,613.0,-3.01
2024-09-08,650.0,666.9,629.0,632.0,-2.77
2024-09-05,660.0,661.9,633.3,650.0,-0.76
2024-09-04,700.1,706.9,655.0,655.0,-6.5
2024-09-03,720.1,733.0,687.0,700.5,-0.78
2024-09-02,661.9,710.0,635.0,706.0,8.78
2024-09-01,681.0,689.0,647.0,649.0,-2.84
2024-08-29,703.8,717.8,665.0,668.0,-3.19
2024-08-28,714.0,734.9,679.0,690.0,-1.44
2024-08-27,740.0,765.0,700.0,700.1,-5.9
2024-08-25,800.0,815.0,744.0,744.0,-7.0
2024-08-22,805.9,820.0,790.0,800.0,1.14
2024-08-21,774.1,816.0,770.0,791.0,4.22
2024-08-18,747.8,800.0,732.9,759.0,-0.52
2024-08-15,758.4,803.0,731.0,763.0,2.61
2024-08-14,685.0,743.6,680.0,743.6,10.0
2024-08-13,678.3,700.0,654.7,676.0,1.65
2024-08-12,647.5,695.0,636.0,665.0,4.72
2024-08-11,638.0,650.0,620.2,635.0,1.44
2024-08-08,651.0,665.0,614.0,626.0,-1.96
2024-08-07,568.9,638.5,550.0,638.5,9.99
2024-08-06,632.1,642.0,580.5,580.5,-10.0
2024-08-05,675.0,684.0,636.5,645.0,-4.44
2024-08-01,712.9,712.9,675.0,675.0,-3.43
2024-07-31,660.0,710.0,658.0,699.0,6.07
2024-07-30,623.0,671.0,622.0,659.0,6.29
2024-07-29,608.7,632.0,590.0,620.0,3.51
2024-07-28,610.0,610.0,585.1,599.0,0.0
2024-07-25,588.0,611.9,588.0,599.0,-0.17
2024-07-24,610.0,623.0,598.0,600.0,-1.32
2024-07-23,607.9,616.0,602.0,608.0,0.83
2024-07-22,622.2,622.2,592.0,603.0,-1.15
2024-07-21,590.5,625.0,583.1,610.0,3.35
2024-07-18,615.0,615.9,590.0,590.2,-2.27
2024-07-17,559.0,603.9,557.0,603.9,10.0
2024-07-16,537.0,553.0,533.6,549.0,3.2
2024-07-15,543.0,543.6,530.0,532.0,-0.19
2024-07-14,537.5,558.0,526.0,533.0,1.14
2024-07-11,531.0,539.0,524.0,527.0,0.0
2024-07-10,525.0,533.9,522.0,527.0,0.57
2024-07-09,526.3,535.5,518.5,524.0,1.55
2024-07-08,520.2,527.5,510.5,516.0,1.18
2024-07-07,520.2,535.0,510.0,510.0,-3.41
2024-07-04,537.4,555.0,515.0,528.0,0.21
2024-07-03,488.5,526.9,474.0,526.9,10.0
2024-07-02,468.1,504.0,462.0,479.0,4.36
2024-07-01,454.8,464.0,449.0,459.0,1.55
2024-06-30,461.0,467.0,450.0,452.0,-0.7
2024-06-27,464.9,465.0,452.2,455.2,-1.26
2024-06-26,451.0,470.0,451.0,461.0,0.22
2024-06-25,476.0,488.0,458.0,460.0,-3.36
2024-06-24,473.0,480.0,451.0,476.0,2.59
2024-06-23,446.5,464.0,440.0,464.0,5.94
2024-06-20,439.9,455.0,434.0,438.0,1.15
2024-06-19,431.0,441.6,420.0,433.0,2.36
2024-06-18,430.2,437.0,423.0,423.0,-3.0
2024-06-16,453.0,453.0,436.0,436.1,-2.0
2024-06-13,442.0,474.0,442.0,445.0,0.34
2024-06-12,427.0,460.0,415.0,443.5,4.11
2024-06-11,427.9,432.0,415.0,426.0,1.43
2024-06-10,418.0,420.0,413.1,420.0,1.92
2024-06-09,412.1,420.0,410.5,412.1,0.07
2024-06-06,425.5,431.8,411.0,411.8,-3.22
2024-06-05,425.6,440.0,421.2,425.5,-0.82
2024-06-04,408.1,430.0,406.0,429.0,4.89
2024-06-03,418.0,425.0,405.0,409.0,-0.24
2024-06-02,395.0,414.8,391.0,410.0,4.59
2024-05-30,380.0,395.0,380.0,392.0,3.16
2024-05-29,394.7,400.0,380.0,380.0,-1.81
2024-05-27,394.3,394.3,383.4,387.0,0.1
2024-05-26,390.1,398.8,385.0,386.6,-2.35
2024-05-22,398.0,405.0,392.0,395.9,-1.76
2024-05-21,387.0,403.5,385.0,403.0,4.13
2024-05-20,388.0,392.7,382.6,387.0,-0.26
2024-05-19,394.7,394.7,377.3,388.0,0.26
2024-05-16,400.0,400.0,384.0,387.0,-1.78
2024-05-15,396.0,402.0,386.0,394.0,-0.51
2024-05-14,395.0,397.0,386.0,396.0,0.69
2024-05-13,390.6,398.0,390.6,393.3,-0.2
2024-05-12,400.0,405.9,392.0,394.1,-1.72
2024-05-09,399.9,410.0,395.0,401.0,1.52
2024-05-08,389.8,398.4,385.0,395.0,3.13
2024-05-07,390.0,395.0,378.0,383.0,-1.54
2024-05-06,381.0,393.0,376.0,389.0,0.78
2024-05-05,400.0,402.0,385.0,386.0,-3.26
2024-05-02,417.0,417.0,397.1,399.0,-3.27
2024-04-30,416.0,441.0,405.0,412.5,0.98
2024-04-29,396.0,415.0,382.2,408.5,5.01
2024-04-28,378.9,399.0,373.5,389.0,4.01
2024-04-25,365.5,389.2,365.5,374.0,1.63
2024-04-24,368.0,380.0,361.0,368.0,1.24
2024-04-22,362.2,375.0,362.0,363.5,-1.36
2024-04-21,354.0,369.0,354.0,368.5,2.05
2024-04-18,364.0,372.1,361.0,361.1,-1.87
2024-04-16,373.0,375.0,364.2,368.0,-0.7
2024-04-15,371.0,390.0,370.6,370.6,-1.96
2024-04-14,380.0,396.0,368.0,378.0,0.27
2024-04-10,393.0,396.2,364.1,377.0,-2.33
2024-04-09,370.0,391.9,365.0,386.0,6.34
2024-04-07,345.0,370.0,345.0,363.0,7.02
2024-04-04,344.0,344.0,338.1,339.2,0.3
2024-04-03,344.7,344.8,338.0,338.2,-1.94
2024-04-02,340.1,347.0,340.0,344.9,0.85
2024-04-01,345.9,345.9,339.0,342.0,0.23
2024-03-31,353.9,353.9,340.2,341.2,-1.67
2024-03-28,344.0,351.0,339.0,347.0,0.58
2024-03-27,357.0,357.0,344.0,345.0,-1.46
2024-03-26,357.0,364.0,348.0,350.1,-0.06
2024-03-25,366.1,366.1,350.0,350.3,-2.42
2024-03-21,350.1,370.0,350.1,359.0,2.51
2024-03-20,360.0,361.0,350.0,350.2,-2.72
2024-03-19,348.5,370.0,348.5,360.0,5.36
2024-03-18,350.0,350.0,341.3,341.7,-0.7
2024-03-17,355.9,355.9,343.3,344.1,-1.4
2024-03-14,359.0,362.0,346.1,349.0,-1.97
2024-03-13,355.9,363.0,348.0,356.0,2.01
2024-03-12,349.0,353.0,344.1,349.0,1.75
2024-03-10,337.7,345.0,337.7,343.0,1.78
2024-03-07,340.6,340.6,334.5,337.0,0.9
2024-03-06,333.0,339.2,325.1,334.0,2.14
2024-03-05,347.0,347.0,327.0,327.0,-5.76
2024-03-04,327.4,347.0,327.4,347.0,8.1
2024-03-03,325.0,329.8,318.0,321.0,-0.99
2024-02-29,330.0,336.5,324.1,324.2,-3.22
2024-02-28,334.2,336.9,331.0,335.0,-0.59
2024-02-27,335.0,341.0,333.0,337.0,-1.12
2024-02-26,344.0,344.0,332.1,340.8,0.24
2024-02-25,339.0,345.5,328.0,340.0,2.1
2024-02-22,335.2,348.8,331.0,333.0,-1.19
2024-02-21,344.0,344.0,333.0,337.0,-0.24
2024-02-20,342.7,342.7,333.2,337.8,0.54
2024-02-18,345.0,345.0,335.7,336.0,-3.72
2024-02-15,367.4,367.4,345.1,349.0,-3.19
2024-02-14,328.0,365.0,328.0,360.5,8.1
2024-02-13,339.1,340.0,332.5,333.5,-3.61
2024-02-12,336.6,350.8,336.5,346.0,1.73
2024-02-11,348.8,348.8,336.0,340.1,-0.56
2024-02-08,344.8,344.8,338.0,342.0,1.15
2024-02-07,340.0,341.0,336.0,338.1,0.74
2024-02-06,343.7,344.0,335.0,335.6,-0.42
2024-02-05,335.0,345.0,335.0,337.0,-0.59
2024-02-04,341.0,341.0,334.3,339.0,-0.03
2024-02-01,338.0,348.0,337.1,339.1,0.62
2024-01-31,348.0,350.0,335.2,337.0,-1.46
2024-01-30,341.1,350.0,341.1,342.0,-0.87
2024-01-29,351.0,351.0,342.3,345.0,-0.81
2024-01-28,342.0,354.9,341.7,347.8,1.7
2024-01-25,336.5,348.0,336.5,342.0,0.0
2024-01-24,345.0,350.9,340.0,342.0,0.88
2024-01-23,346.8,346.8,335.1,339.0,-0.29
2024-01-22,350.0,359.9,339.1,340.0,-3.66
2024-01-21,367.0,370.0,352.8,352.9,-3.29
2024-01-18,354.2,365.0,354.0,364.9,1.36
2024-01-17,371.0,393.0,357.1,360.0,-4.26
2024-01-16,366.0,378.0,363.0,376.0,4.74
2024-01-14,359.0,373.0,352.0,359.0,1.73
2024-01-11,360.0,361.0,346.6,352.9,-1.4
2024-01-10,364.1,370.0,353.0,357.9,0.25
2024-01-09,350.0,365.0,348.0,357.0,2.85
2024-01-08,339.6,352.0,332.0,347.1,4.23
2024-01-07,339.0,346.0,333.0,333.0,-3.67
2024-01-04,340.0,350.8,335.0,345.7,2.28
2024-01-03,329.0,339.0,328.4,338.0,0.9
2024-01-02,339.0,339.3,330.0,335.0,-0.59
2024-01-01,345.0,353.4,334.2,337.0,-0.88
2023-12-28,340.0,354.0,338.5,340.0,-0.44
2023-12-27,349.0,349.8,334.0,341.5,-0.44
2023-12-24,363.1,363.1,337.0,343.0,-3.65
2023-12-21,374.3,374.3,347.0,356.0,-3.0
2023-12-20,370.0,376.9,362.0,367.0,0.82
2023-12-19,370.0,373.0,355.0,364.0,-0.55
2023-12-18,360.0,374.2,358.8,366.0,1.69
2023-12-17,345.0,361.0,344.0,359.9,2.24
2023-12-14,349.8,355.0,344.5,352.0,2.62
2023-12-13,360.0,365.0,343.0,343.0,-2.83
2023-12-12,339.0,358.7,338.1,353.0,4.13
2023-12-11,347.4,347.4,328.4,339.0,-0.47
2023-12-10,321.5,340.6,321.5,340.6,8.06
2023-12-07,313.0,320.0,313.0,315.2,0.7
2023-12-06,309.0,315.0,309.0,313.0,0.0
2023-12-05,322.5,322.5,308.0,313.0,-1.23
2023-12-04,306.0,319.6,306.0,316.9,3.06
2023-12-03,305.1,312.0,305.1,307.5,-0.49
2023-11-30,320.0,322.9,309.0,309.0,-3.13
2023-11-29,331.0,331.0,318.9,319.0,-1.85
2023-11-28,334.0,334.0,321.5,325.0,-0.91
2023-11-27,328.0,331.5,316.0,328.0,0.92
2023-11-26,324.0,328.0,315.5,325.0,1.5
2023-11-23,301.1,321.3,300.0,320.2,4.64
2023-11-22,304.0,306.0,301.6,306.0,2.34
2023-11-21,305.0,311.0,298.0,299.0,-3.24
2023-11-20,313.1,313.1,304.0,309.0,0.65
2023-11-09,308.0,309.9,303.0,307.0,-0.32
2023-11-08,308.6,309.0,307.1,308.0,0.33
2023-11-07,308.8,312.0,307.0,307.0,0.33
2023-11-06,308.0,312.0,303.0,306.0,-0.33
2023-11-05,306.0,307.0,300.3,307.0,0.0
2023-11-02,306.2,312.0,306.2,307.0,-1.6
2023-11-01,316.7,320.0,309.0,312.0,0.35
2023-10-31,312.0,313.0,309.2,310.9,-0.73
2023-10-30,306.0,317.0,305.0,313.2,1.69
2023-10-29,310.0,310.0,303.0,308.0,-2.62
2023-10-19,315.0,326.3,310.1,316.3,-1.46
2023-10-18,317.9,326.0,317.0,321.0,2.88
2023-10-17,314.1,326.0,311.0,312.0,1.3
2023-10-16,305.0,310.0,304.0,308.0,-0.61
2023-10-12,313.0,316.0,306.0,309.9,-1.02
2023-10-11,316.9,327.0,313.0,313.1,0.38
2023-10-10,320.0,326.0,299.9,311.9,-3.14
2023-10-09,324.0,332.0,320.0,322.0,-1.23
2023-10-08,328.0,334.5,325.2,326.0,-2.4
2023-10-05,342.5,342.5,330.4,334.0,-0.6
2023-10-04,337.6,344.0,336.0,336.0,1.51
2023-10-03,342.5,343.0,330.0,331.0,-2.65
2023-10-02,332.7,347.0,330.0,340.0,2.1
2023-10-01,338.2,340.0,331.7,333.0,-3.48
2023-09-27,351.0,353.0,345.0,345.0,-3.63
2023-09-26,348.0,361.7,348.0,358.0,3.17
2023-09-25,341.1,354.0,341.0,347.0,0.0
2023-09-24,355.0,359.0,345.0,347.0,-2.8
2023-09-21,344.7,360.0,344.0,357.0,5.62
2023-09-19,332.0,338.0,325.5,338.0,3.68
2023-09-18,326.0,333.0,322.0,326.0,-0.31
2023-09-17,340.0,340.0,325.0,327.0,-4.94
2023-09-13,328.0,345.0,327.0,344.0,5.2
2023-09-12,326.4,332.0,321.0,327.0,-1.8
2023-09-11,318.9,335.0,313.0,333.0,6.39
2023-09-10,311.0,316.2,307.0,313.0,0.71
2023-09-07,313.0,319.0,305.0,310.8,-1.33
2023-09-05,320.0,321.4,315.0,315.0,-1.87
2023-09-04,321.2,322.0,313.1,321.0,0.85
2023-09-03,323.0,324.0,317.7,318.3,-1.79
2023-08-30,334.0,334.0,324.1,324.1,-1.19
2023-08-29,338.5,339.0,328.0,328.0,-1.47
2023-08-28,335.0,336.0,323.4,332.9,0.91
2023-08-27,330.0,336.6,326.0,329.9,-0.63
2023-08-24,339.0,344.7,330.2,332.0,-3.49
2023-08-23,344.5,344.5,337.7,344.0,1.47
2023-08-22,323.8,339.0,323.8,339.0,3.35
2023-08-21,334.5,338.9,323.0,328.0,0.0
2023-08-20,327.5,353.6,327.4,328.0,-1.8
2023-08-17,330.0,342.0,330.0,334.0,1.21
2023-08-16,338.0,343.0,324.0,330.0,-1.49
2023-08-15,340.0,347.8,335.0,335.0,-2.59
2023-08-14,354.9,356.0,343.0,343.9,-1.18
2023-08-13,355.0,357.0,343.1,348.0,-0.57
2023-08-10,350.0,362.0,345.0,350.0,-1.41
2023-08-09,337.5,356.0,337.0,355.0,3.23
2023-08-08,357.0,357.0,337.4,343.9,-1.74
2023-08-07,361.9,361.9,345.1,350.0,-1.38
2023-08-06,382.5,382.5,348.0,354.9,-5.36
2023-08-03,382.5,382.5,369.6,375.0,0.0
2023-08-02,368.0,375.0,357.0,375.0,3.16
2023-08-01,384.0,384.0,359.0,363.5,-3.58
2023-07-31,372.0,387.0,368.3,377.0,2.31
2023-07-30,383.0,383.0,368.1,368.5,-2.25
2023-07-27,387.5,387.5,373.6,377.0,-0.79
2023-07-26,375.2,388.0,375.2,380.0,0.0
2023-07-25,385.0,392.0,380.0,380.0,-2.56
2023-07-24,401.0,405.0,387.0,390.0,-2.26
2023-07-23,388.0,409.5,388.0,399.0,1.27
2023-07-20,403.2,403.2,391.0,394.0,-0.56
2023-07-19,400.0,406.0,395.0,396.2,-0.95
2023-07-18,412.9,412.9,399.9,400.0,-1.6
2023-07-17,391.0,410.0,391.0,406.5,3.44
2023-07-16,392.0,397.9,390.0,393.0,0.26
2023-07-13,403.1,406.0,390.0,392.0,-2.73
2023-07-12,409.0,416.0,400.0,403.0,-2.89
2023-07-11,396.0,423.0,389.1,415.0,5.06
2023-07-10,383.0,397.5,381.0,395.0,4.77
2023-07-09,372.4,387.3,372.1,377.0,3.26
2023-07-06,365.2,377.0,365.0,365.1,-1.62
2023-07-05,379.0,390.0,371.0,371.1,-2.08
2023-07-04,372.5,379.0,366.0,379.0,3.78
2023-07-03,363.2,380.4,363.0,365.2,-1.27
2023-07-02,378.0,390.0,368.0,369.9,-3.92
2023-06-28,408.0,408.0,384.0,385.0,-3.99
2023-06-27,374.0,402.1,367.0,401.0,7.68
2023-06-26,357.6,374.9,351.0,372.4,4.93
2023-06-25,344.5,356.7,344.0,354.9,5.0
2023-06-22,340.0,346.0,335.0,338.0,0.6
2023-06-21,340.0,346.0,329.0,336.0,-1.18
2023-06-20,351.0,361.9,335.0,340.0,-4.6
2023-06-19,329.9,356.4,329.9,356.4,10.0
2023-06-18,325.0,333.0,322.2,324.0,1.25
2023-06-15,321.0,327.0,319.0,320.0,-0.93
2023-06-14,331.0,337.5,318.5,323.0,-0.62
2023-06-13,313.0,331.9,311.1,325.0,2.2
2023-06-12,326.9,327.0,315.0,318.0,-1.85
2023-06-11,310.7,327.0,310.7,324.0,5.88
2023-06-08,304.9,309.0,300.0,306.0,2.0
2023-06-07,304.0,305.0,297.0,300.0,0.33
2023-06-06,295.9,301.0,290.0,299.0,3.07
2023-06-05,303.2,306.0,290.1,290.1,-2.68
2023-06-04,293.7,305.0,293.7,298.1,3.51
2023-06-01,287.0,293.9,282.0,288.0,0.35
2023-05-31,293.0,303.0,285.0,287.0,-2.71
2023-05-30,303.8,306.0,294.1,295.0,-4.22
2023-05-28,312.0,315.0,301.0,308.0,-1.28
2023-05-24,316.0,316.0,309.0,312.0,0.65
2023-05-23,305.8,313.0,305.8,310.0,3.33
2023-05-22,302.0,305.0,292.1,300.0,1.32
2023-05-21,306.0,309.8,296.1,296.1,-1.3
2023-05-18,298.0,308.0,293.1,300.0,2.39
2023-05-17,275.5,294.0,275.5,293.0,4.23
2023-05-16,281.0,286.6,280.0,281.1,-0.14
2023-05-15,281.0,287.0,276.5,281.5,-1.57
2023-05-14,288.9,289.0,285.0,286.0,-1.28
2023-05-11,288.1,290.0,285.1,289.7,0.31
2023-05-10,289.0,292.9,288.8,288.8,0.24
2023-05-09,285.0,299.9,285.0,288.1,1.09
2023-05-08,288.8,294.0,285.0,285.0,-1.86
2023-05-07,291.0,293.0,290.0,290.4,-1.56
2023-05-04,298.8,298.8,290.0,295.0,0.68
2023-05-03,299.9,300.0,291.0,293.0,-0.68
2023-05-02,302.9,315.0,292.1,295.0,-0.67
2023-04-30,295.0,298.0,295.0,297.0,-1.0
2023-04-27,297.0,303.0,297.0,300.0,0.0
2023-04-26,309.9,310.0,298.0,300.0,-2.28
2023-04-25,304.8,307.0,295.1,307.0,2.68
2023-04-24,302.0,305.0,297.1,299.0,0.64
2023-04-23,302.0,307.0,297.1,297.1,-2.59
2023-04-20,311.0,311.9,302.0,305.0,-1.9
2023-04-19,306.0,311.0,305.0,310.9,2.27
2023-04-18,304.0,310.0,301.0,304.0,-1.62
2023-04-17,311.0,317.2,305.0,309.0,-2.52
2023-04-16,324.0,325.0,315.0,317.0,-0.63
2023-04-13,322.1,330.8,318.0,319.0,-1.85
2023-04-12,305.0,326.0,305.0,325.0,8.33
2023-04-11,295.0,304.9,295.0,300.0,1.59
2023-04-10,300.0,304.9,287.0,295.3,0.27
2023-04-09,294.0,298.0,290.1,294.5,-1.83
2023-04-06,309.5,309.5,298.0,300.0,-1.32
2023-04-05,300.1,306.0,296.0,304.0,1.33
2023-04-04,300.0,307.0,299.0,300.0,0.0
2023-04-03,302.2,307.0,297.0,300.0,-0.73
2023-04-02,310.0,316.2,302.0,302.2,-2.52
2023-03-30,310.0,319.0,309.0,310.0,-0.96
2023-03-29,312.0,314.0,307.9,313.0,0.32
2023-03-28,312.0,321.3,312.0,312.0,-0.95
2023-03-27,315.0,321.0,302.1,315.0,1.94
2023-03-26,319.4,319.4,305.0,309.0,-1.56
2023-03-23,309.0,317.0,308.0,313.9,-0.35
2023-03-22,321.0,323.0,311.0,315.0,-1.87
2023-03-20,319.0,322.0,315.0,321.0,2.07
2023-03-19,319.0,320.0,311.2,314.5,0.48
2023-03-16,319.3,319.3,311.4,313.0,-0.06
2023-03-15,313.0,317.0,312.0,313.2,-1.51
2023-03-14,320.2,320.2,315.0,318.0,1.27
2023-03-13,322.8,322.8,310.3,314.0,-0.98
2023-03-12,327.0,332.4,317.0,317.1,-2.73
2023-03-09,320.3,330.0,317.5,326.0,3.79
2023-03-07,306.0,322.0,306.0,314.1,1.0
2023-03-05,310.0,315.0,305.0,311.0,-1.27
2023-03-02,315.0,321.0,311.0,315.0,-1.07
2023-03-01,329.4,329.4,318.2,318.4,-1.42
2023-02-28,329.4,335.0,318.7,323.0,0.0
2023-02-27,329.9,336.3,311.1,323.0,-2.09
2023-02-26,325.0,335.0,310.0,329.9,2.77
2023-02-23,340.0,340.0,319.0,321.0,-3.89
2023-02-22,323.0,335.5,323.0,334.0,3.41
2023-02-20,330.0,330.0,322.0,323.0,-0.92
2023-02-16,336.0,336.0,321.5,326.0,-1.21
2023-02-15,340.0,340.0,327.0,330.0,-1.49
2023-02-14,336.0,342.7,331.8,335.0,-0.3
2023-02-12,346.0,350.0,332.0,336.0,-4.82
2023-02-09,355.9,363.0,343.0,353.0,1.15
2023-02-08,366.1,366.1,347.0,349.0,-2.79
2023-02-07,339.1,359.0,336.0,359.0,7.97
2023-02-06,334.5,335.9,326.2,332.5,1.37
2023-02-05,326.9,339.4,321.0,328.0,0.34
2023-02-02,341.7,347.9,323.7,326.9,-2.42
2023-02-01,335.0,336.9,325.0,335.0,1.85
2023-01-31,325.1,335.0,325.0,328.9,-0.03
2023-01-30,341.0,341.7,325.0,329.0,-3.52
2023-01-29,345.0,350.2,338.1,341.0,-2.57
2023-01-26,352.0,359.0,348.0,350.0,-2.26
2023-01-25,361.7,369.0,354.8,358.1,-2.95
2023-01-24,351.0,371.8,345.3,369.0,4.24
2023-01-23,360.0,367.0,353.0,354.0,-1.67
2023-01-19,351.0,361.0,351.0,360.0,0.56
2023-01-18,370.0,377.4,355.0,358.0,-1.92
2023-01-17,340.0,367.0,340.0,365.0,5.49
2023-01-12,368.2,375.6,344.2,346.0,-4.16
2023-01-10,383.4,390.0,355.6,361.0,-3.96
2023-01-09,365.0,381.0,365.0,375.9,1.59
2023-01-08,374.0,377.0,355.5,370.0,0.0
2023-01-05,359.0,373.9,342.0,370.0,3.64
2023-01-04,331.5,357.5,326.9,357.0,9.85
2023-01-03,331.0,336.9,324.0,325.0,-2.99
2023-01-02,326.0,343.0,325.9,335.0,0.75
2023-01-01,338.0,347.8,326.0,332.5,-1.34
2022-12-29,325.0,339.5,320.0,337.0,4.56
2022-12-28,298.8,322.3,298.8,322.3,10.0
2022-12-21,292.0,295.0,292.0,293.0,-0.68
2022-12-20,295.0,301.0,292.0,295.0,1.72
2022-12-19,293.5,299.8,290.0,290.0,0.35
2022-12-18,295.0,295.0,288.5,289.0,-3.34
2022-12-15,300.5,301.0,299.0,299.0,-2.22
2022-12-14,304.0,310.0,300.0,305.8,1.93
2022-12-13,301.5,306.0,297.0,300.0,-1.96
2022-12-12,305.0,308.5,301.0,306.0,0.33
2022-12-11,298.0,305.0,296.1,305.0,1.67
2022-12-07,302.0,310.0,300.0,300.0,-1.64
2022-12-06,305.0,310.0,304.0,305.0,-0.33
2022-12-05,312.0,316.0,304.5,306.0,-3.32
2022-12-04,318.0,318.0,310.0,316.5,-0.47
2022-12-01,315.0,318.0,311.0,318.0,1.27
2022-11-30,310.0,322.4,310.0,314.0,-0.66
2022-11-29,318.0,321.0,311.8,316.1,0.67
2022-11-28,325.0,325.0,311.7,314.0,-2.64
2022-11-27,309.0,322.5,309.0,322.5,3.0
2022-11-24,312.0,317.0,312.0,313.1,-0.76
2022-11-23,312.1,317.9,312.0,315.5,-0.79
2022-11-22,326.0,332.0,310.1,318.0,-0.63
2022-11-17,317.9,322.0,315.0,320.0,2.56
2022-11-16,311.0,316.0,300.0,312.0,2.3
2022-11-15,315.0,316.0,302.0,305.0,-1.29
2022-11-14,306.0,318.4,304.0,309.0,0.95
2022-11-13,300.8,308.9,300.0,306.1,-0.26
2022-11-10,320.0,320.0,301.9,306.9,-2.57
2022-11-09,334.5,334.5,305.1,315.0,-3.96
2022-11-08,327.0,335.0,319.0,328.0,0.89
2022-11-07,340.0,341.9,324.5,325.1,-3.1
2022-11-06,325.0,339.0,320.0,335.5,2.63
2022-11-03,322.0,338.0,321.5,326.9,-0.21
2022-11-02,327.8,335.0,321.2,327.6,-0.03
2022-11-01,310.0,328.0,310.0,327.7,5.71
2022-10-31,295.0,311.0,295.0,310.0,4.73
2022-10-23,300.0,300.0,293.0,296.0,-0.17
2022-10-20,292.2,301.5,290.8,296.5,-0.5
2022-10-19,302.0,302.0,292.0,298.0,-2.3
2022-10-17,304.2,312.0,299.1,305.0,-0.97
2022-10-16,310.3,317.0,305.1,308.0,-2.28
2022-10-13,304.5,317.9,304.5,315.2,1.71
2022-10-12,296.0,316.0,294.0,309.9,3.37
2022-10-11,300.0,300.0,290.0,299.8,0.3
2022-10-10,306.1,309.0,293.0,298.9,-2.0
2022-10-09,300.0,307.7,300.0,305.0,3.04
2022-09-29,298.0,298.0,289.5,296.0,0.85
2022-09-28,300.0,300.0,285.0,293.5,-0.51
2022-09-27,295.5,303.0,293.0,295.0,1.72
2022-09-25,300.0,300.0,290.0,290.0,-1.69
2022-09-22,306.0,312.0,295.0,295.0,-3.85
2022-09-21,304.7,310.0,301.5,306.8,2.68
2022-09-20,305.5,307.0,295.1,298.8,-3.46
2022-09-18,326.0,326.0,309.5,309.5,-3.31
2022-09-16,321.0,325.0,314.6,320.1,-1.81
2022-09-15,347.9,349.0,322.0,326.0,-5.51
2022-09-14,330.0,345.0,329.0,345.0,6.48
2022-09-13,325.7,330.0,323.0,324.0,0.65
2022-09-12,329.0,329.0,317.0,321.9,-0.62
2022-09-11,331.2,331.2,320.0,323.9,-0.31
2022-09-08,325.3,330.0,319.0,324.9,1.85
2022-09-07,332.0,332.0,319.0,319.0,-2.12
2022-09-06,338.0,338.0,321.0,325.9,-2.13
2022-09-05,338.6,345.0,330.0,333.0,0.3
2022-09-04,334.0,339.2,331.3,332.0,0.3
2022-09-02,325.0,338.1,325.0,331.0,0.0
2022-09-01,328.0,338.0,323.0,331.0,1.85
2022-08-31,330.0,333.6,325.0,325.0,-2.69
2022-08-30,332.0,340.9,332.0,334.0,0.0
2022-08-29,326.0,344.0,325.2,334.0,1.21
2022-08-28,338.2,344.9,328.0,330.0,-4.35
2022-08-26,345.0,350.8,336.0,345.0,-0.58
2022-08-25,361.9,362.0,342.0,347.0,-2.53
2022-08-24,348.1,368.0,348.1,356.0,0.82
2022-08-23,348.0,359.5,348.0,353.1,-0.54
2022-08-22,355.0,362.0,351.0,355.0,-1.39
2022-08-21,363.1,379.4,356.2,360.0,-2.17
2022-08-18,343.0,369.0,343.0,368.0,5.41
2022-08-17,347.0,361.0,340.1,349.1,0.61
2022-08-16,357.5,372.9,345.0,347.0,-1.0
2022-08-15,313.6,350.5,313.6,350.5,9.53
2022-08-14,329.0,339.0,316.6,320.0,-4.45
2022-08-11,335.5,348.0,329.0,334.9,-1.5
2022-08-10,350.0,352.0,338.0,340.0,-1.73
2022-08-09,371.0,373.3,345.0,346.0,-5.46
2022-08-08,383.0,383.4,360.0,366.0,-2.66
2022-08-07,375.0,385.0,364.0,376.0,1.35
2022-08-05,385.0,385.0,365.0,371.0,-2.62
2022-08-04,405.0,405.0,380.1,381.0,-4.27
2022-08-03,404.0,408.0,397.0,398.0,0.25
2022-08-02,399.0,401.0,387.1,397.0,1.28
2022-08-01,395.0,396.0,377.0,392.0,1.06
2022-07-31,395.0,399.8,384.0,387.9,-0.44
2022-07-29,392.0,392.0,382.0,389.6,1.19
2022-07-28,380.0,402.0,377.3,385.0,0.0
2022-07-27,372.0,390.0,363.0,385.0,1.58
2022-07-26,399.0,399.0,373.0,379.0,-3.32
2022-07-25,375.0,401.8,375.0,392.0,6.38
2022-07-24,328.3,368.5,328.3,368.5,10.0
2022-07-22,332.0,345.0,319.0,335.0,2.76
2022-07-21,316.0,337.9,311.6,326.0,3.16
2022-07-20,306.1,326.0,306.0,316.0,1.61
2022-07-19,297.0,319.9,297.0,311.0,2.64
2022-07-18,290.0,304.7,290.0,303.0,2.61
2022-07-17,300.0,306.1,290.0,295.3,-2.22
2022-07-15,297.0,309.0,292.0,302.0,-0.33
2022-07-14,302.0,308.0,295.1,303.0,1.2
2022-07-13,284.0,306.0,273.5,299.4,7.31
2022-07-12,261.3,280.0,261.3,279.0,4.65
2022-07-11,279.5,280.0,266.6,266.6,-6.49
2022-07-08,289.6,295.0,285.0,285.1,-3.52
2022-07-07,307.1,318.0,295.0,295.5,-1.86
2022-07-06,295.0,306.0,278.4,301.1,3.79
2022-07-05,294.0,316.0,290.0,290.1,-3.3
2022-07-04,310.0,328.0,290.0,300.0,-1.96
2022-07-03,281.1,306.0,279.9,306.0,6.99
2022-07-01,298.8,306.0,285.0,286.0,-2.39
2022-06-30,273.0,294.8,273.0,293.0,9.33
2022-06-29,258.0,269.0,250.4,268.0,5.85
2022-06-28,262.0,265.0,252.0,253.2,-3.36
2022-06-27,271.3,280.0,259.0,262.0,-1.5
2022-06-26,257.0,272.6,257.0,266.0,5.56
2022-06-24,248.9,268.0,239.2,252.0,2.86
2022-06-23,258.0,258.0,237.0,245.0,-3.16
2022-06-22,270.0,270.0,252.8,253.0,-4.53
2022-06-21,253.9,268.0,249.0,265.0,6.43
2022-06-20,269.0,269.0,245.0,249.0,-5.86
2022-06-19,275.4,280.0,259.0,264.5,-2.04
2022-06-17,278.0,282.7,270.0,270.0,-1.1
2022-06-16,265.0,283.0,260.1,273.0,1.87
2022-06-15,278.9,278.9,261.8,268.0,-2.19
2022-06-14,276.0,285.5,271.0,274.0,-2.14
2022-06-13,290.0,295.0,277.0,280.0,-1.75
2022-06-10,292.0,292.0,281.0,285.0,-1.04
2022-06-09,303.9,309.0,284.0,288.0,-3.36
2022-06-08,284.5,306.9,275.0,298.0,6.81
2022-06-07,294.8,294.8,270.5,279.0,-3.49
2022-06-06,293.0,295.0,282.5,289.1,0.35
2022-06-03,287.0,295.1,285.1,288.1,-0.48
2022-06-02,295.8,301.0,285.1,289.5,-0.17
2022-06-01,290.0,299.7,285.0,290.0,0.35
2022-05-31,296.8,299.0,286.0,289.0,-0.69
2022-05-30,299.0,308.0,290.0,291.0,-3.29
2022-05-27,309.0,315.0,297.0,300.9,-0.69
2022-05-26,312.1,312.1,302.0,303.0,-0.98
2022-05-25,307.0,313.0,303.0,306.0,1.63
2022-05-24,303.0,315.0,297.0,301.1,1.35
2022-05-23,298.9,305.0,295.0,297.1,-2.59
2022-05-20,297.0,310.0,297.0,305.0,0.96
2022-05-19,310.0,317.0,300.0,302.1,-2.92
2022-05-18,309.0,321.3,300.0,311.2,0.71
2022-05-17,329.0,330.0,309.0,309.0,-7.76
2022-05-12,350.0,364.0,330.0,335.0,-2.62
2022-05-11,338.0,351.4,332.2,344.0,2.69
2022-05-10,314.0,337.0,314.0,335.0,7.37
2022-05-09,316.0,330.0,308.7,312.0,-0.95
2022-05-08,300.0,315.0,294.0,315.0,3.62
2022-05-05,311.0,317.9,300.0,304.0,-4.04
2022-05-04,322.5,335.0,316.1,316.8,-3.71
2022-05-02,340.0,340.0,327.5,329.0,-4.36
2022-04-28,364.1,364.1,340.0,344.0,-3.64
2022-04-27,363.0,363.0,350.0,357.0,0.28
2022-04-26,353.0,371.0,353.0,356.0,0.28
2022-04-25,377.0,384.6,354.0,355.0,-5.33
2022-04-24,357.0,381.1,350.0,375.0,7.14
2022-04-21,357.0,363.0,336.3,350.0,-3.31
2022-04-20,378.0,378.1,360.0,362.0,-5.48
2022-04-19,379.9,386.9,361.0,383.0,2.13
2022-04-18,373.0,380.4,355.0,375.0,0.54
2022-04-17,393.5,401.0,373.0,373.0,-3.32
2022-04-13,379.0,389.0,371.5,385.8,1.55
2022-04-12,380.0,380.0,373.0,379.9,-1.32
2022-04-11,402.6,410.0,376.0,385.0,-2.48
2022-04-07,394.7,402.0,390.0,394.8,2.02
2022-04-06,381.1,410.0,376.0,387.0,0.0
2022-04-05,395.0,397.8,381.0,387.0,-2.27
2022-04-04,393.5,408.0,393.5,396.0,-0.5
2022-04-03,395.1,401.0,390.1,398.0,-1.24
2022-03-31,414.5,422.0,400.4,403.0,-2.89
2022-03-30,405.0,416.0,392.0,415.0,4.27
2022-03-29,414.1,414.1,398.0,398.0,-1.97
2022-03-28,419.0,420.0,405.5,406.0,-3.1
2022-03-27,425.0,426.0,410.0,419.0,-1.39
2022-03-24,432.0,438.0,421.0,424.9,-1.64
2022-03-23,437.1,454.0,431.3,432.0,-3.14
2022-03-22,455.0,462.9,446.0,446.0,-1.98
2022-03-21,452.8,458.0,437.2,455.0,2.48
2022-03-20,448.8,450.0,435.3,444.0,0.91
2022-03-16,445.0,446.0,430.0,440.0,-1.35
2022-03-15,448.5,450.0,436.1,446.0,-0.67
2022-03-14,455.1,459.0,441.0,449.0,-1.08
2022-03-13,442.1,456.0,435.0,453.9,4.71
2022-03-10,399.9,433.5,399.0,433.5,8.4
2022-03-09,418.2,418.2,399.9,399.9,-2.46
2022-03-07,425.0,425.0,410.0,410.0,-1.91
2022-03-06,425.0,428.4,416.1,418.0,0.24
2022-03-02,435.0,435.0,413.0,417.0,-4.58
2022-02-28,455.0,459.0,436.6,437.0,-2.04
2022-02-27,453.0,459.8,444.0,446.1,0.25
2022-02-24,455.7,461.0,445.0,445.0,-4.3
2022-02-23,478.2,478.2,460.1,465.0,-0.85
2022-02-22,469.7,479.0,464.0,469.0,1.85
2022-02-21,451.1,464.9,451.1,460.5,1.21
2022-02-20,460.0,464.9,449.0,455.0,-2.15
2022-02-17,456.0,472.9,454.9,465.0,0.22
2022-02-16,474.3,482.6,458.0,464.0,-0.22
2022-02-15,467.0,486.0,456.0,465.0,0.89
2022-02-14,460.0,470.0,451.0,460.9,0.2
2022-02-13,482.0,482.0,457.0,460.0,-4.56
2022-02-10,490.0,494.0,476.0,482.0,-0.62
2022-02-09,494.0,494.9,482.0,485.0,-2.02
2022-02-08,495.7,515.0,486.0,495.0,1.85
2022-02-07,480.0,498.0,480.0,486.0,0.0
2022-02-06,490.0,499.8,475.0,486.0,-2.8
2022-02-03,517.0,525.0,497.0,500.0,-1.38
2022-02-01,500.0,511.0,489.1,507.0,1.6
2022-01-31,516.1,516.1,492.0,499.0,-1.38
2022-01-30,478.0,507.9,478.0,506.0,7.66
2022-01-27,479.4,488.9,466.6,470.0,0.0
2022-01-26,495.0,495.0,462.0,470.0,-4.28
2022-01-25,495.0,504.9,470.5,491.0,1.03
2022-01-24,498.9,507.0,477.0,486.0,-4.52
2022-01-23,529.0,529.3,505.0,509.0,-1.93
2022-01-20,501.0,520.0,500.0,519.0,2.67
2022-01-19,520.0,523.0,500.1,505.5,-1.84
2022-01-18,532.0,536.0,509.1,515.0,-3.2
2022-01-17,534.8,538.0,515.0,532.0,0.19
2022-01-16,536.5,556.0,524.1,531.0,0.95
2022-01-13,499.0,530.0,491.1,526.0,5.2
2022-01-12,530.0,531.4,495.2,500.0,-4.03
2022-01-11,480.0,526.0,475.0,521.0,8.09
2022-01-10,467.0,485.0,460.0,482.0,3.54
2022-01-09,443.7,470.0,440.0,465.5,7.01
2022-01-06,425.0,435.5,423.0,435.0,1.4
2022-01-05,448.8,450.8,415.0,429.0,-2.5
2022-01-04,420.2,440.0,411.9,440.0,6.8
2022-01-03,406.0,420.0,396.0,412.0,3.26
2022-01-02,385.0,402.0,385.0,399.0,4.43
2021-12-29,431.4,431.4,410.8,411.5,-2.72
2021-12-28,410.0,433.5,399.0,423.0,3.17
2021-12-27,443.9,443.9,407.0,410.0,-5.79
2021-12-26,435.0,449.9,427.0,435.2,-0.84
2021-12-23,456.0,460.0,431.0,438.9,-2.25
2021-12-22,439.0,458.0,433.0,449.0,4.18
2021-12-21,416.0,431.0,405.0,431.0,5.64
2021-12-20,418.0,420.0,399.3,408.0,-3.09
2021-12-16,442.0,450.0,418.0,421.0,-5.39
2021-12-15,445.5,475.0,422.1,445.0,1.88
2021-12-14,405.0,436.8,405.0,436.8,10.0
2021-12-13,418.5,433.5,387.0,397.1,-7.0
2021-12-12,454.0,455.0,424.4,427.0,-6.36
2021-12-09,461.0,471.0,454.0,456.0,-1.08
2021-12-08,478.2,496.0,456.0,461.0,-4.97
2021-12-07,522.0,532.0,482.0,485.1,-5.25
2021-12-06,495.0,516.5,480.0,512.0,1.39
2021-12-05,520.0,530.0,493.0,505.0,-2.9
2021-12-02,555.0,555.0,520.1,520.1,-4.74
2021-12-01,550.8,560.0,539.0,546.0,1.11
2021-11-30,539.0,556.6,528.4,540.0,0.19
2021-11-29,526.4,560.0,526.4,539.0,0.35
2021-11-28,556.0,556.0,536.0,537.1,-5.27
2021-11-25,584.4,584.4,561.0,567.0,-1.05
2021-11-24,559.0,576.3,545.0,573.0,2.5
2021-11-23,572.0,580.0,550.0,559.0,-3.62
2021-11-22,600.0,600.0,577.0,580.0,-1.86
2021-11-21,570.4,600.0,570.4,591.0,1.55
2021-11-18,585.0,602.7,578.0,582.0,-2.35
2021-11-17,605.0,616.0,595.0,596.0,0.34
2021-11-16,589.0,599.0,574.0,594.0,2.77
2021-11-15,569.09,590.0,569.09,578.0,3.38
2021-11-14,550.0,565.0,540.0,559.1,3.54
2021-11-11,549.0,574.0,528.9,540.0,-3.57
2021-11-09,600.0,605.0,546.9,560.0,-5.08
2021-11-08,591.6,600.0,585.0,590.0,1.72
2021-11-03,601.0,613.9,576.0,580.0,-1.69
2021-11-02,599.0,606.0,580.0,590.0,-1.34
2021-11-01,617.0,637.0,580.0,598.0,-1.16
2021-10-31,589.0,610.0,570.0,605.0,4.69
2021-10-28,554.0,583.0,532.5,577.9,4.31
2021-10-27,562.0,576.0,530.0,554.0,-0.89
2021-10-26,531.8,564.0,531.8,559.0,7.21
2021-10-25,483.0,521.4,482.0,521.4,10.0
2021-10-24,454.0,477.9,445.2,474.0,4.41
2021-10-21,477.0,477.0,450.0,454.0,-4.0
2021-10-20,453.9,480.0,453.0,472.9,6.27
2021-10-19,465.0,470.0,432.0,445.0,-5.72
2021-10-18,503.0,503.0,470.0,472.0,-5.41
2021-10-17,504.7,512.0,492.0,499.0,0.83
2021-10-11,504.0,504.0,485.0,494.9,-3.72
2021-10-10,518.0,537.5,511.2,514.0,0.39
2021-10-06,490.0,524.0,486.0,512.0,5.35
2021-10-05,471.0,490.0,465.0,486.0,5.19
2021-10-04,490.0,496.0,450.8,462.0,-5.7
2021-10-03,505.0,510.1,477.0,489.9,-4.87
2021-09-30,540.0,549.0,508.0,515.0,-2.83
2021-09-29,493.0,532.0,477.0,530.0,7.51
2021-09-28,534.0,540.0,483.0,493.0,-7.5
2021-09-27,572.0,572.0,516.0,533.0,-6.65
2021-09-26,611.0,612.0,565.0,571.0,-6.39
2021-09-23,622.0,642.0,605.0,610.0,0.02
2021-09-22,566.1,610.0,566.1,609.9,9.89
2021-09-21,562.0,591.0,514.5,555.0,-1.37
2021-09-20,614.0,625.0,562.6,562.7,-9.98
2021-09-16,645.1,645.1,605.0,625.1,-5.0
2021-09-15,679.0,690.0,651.1,658.0,-3.09
2021-09-14,690.1,702.0,673.2,679.0,-1.61
2021-09-13,691.0,712.8,685.1,690.1,1.78
2021-09-12,667.0,685.0,660.0,678.0,3.67
2021-09-09,670.0,673.9,650.0,654.0,-0.46
2021-09-08,671.3,690.0,650.0,657.0,-4.09
2021-09-07,699.0,712.0,664.0,685.0,-0.22
2021-09-06,613.0,686.5,591.0,686.5,10.0
2021-09-05,684.0,684.0,615.6,624.1,-8.76
2021-09-02,723.0,739.9,668.0,684.0,-5.26
2021-09-01,730.0,772.0,715.4,722.0,-1.1
2021-08-31,788.4,788.4,726.0,730.0,-5.56
2021-08-29,807.8,814.9,760.0,773.0,-2.4
2021-08-26,765.0,811.0,765.0,792.0,3.53
